11110111111110011011001101111000111001110101101100011101011001010010111101011101000101000100010011000110010110111101001100101110
11011101001100011000101100110011010100000101100111101011000011110000000100011000110011101100001001000110111000011001111111111101
00001101101100010000011110001000100011101111100101100011100000010101010101011010100010100100110100101110011010011010000000111111
10101001101101010110111100111010000111001011111100000110101000001010100000011110110101110110111010010110110001000010011000011100
00101110011101100000110110100100100111110000010000011010000011001110011110111011011010000101011101100011011010110011001010111101
01101110000111010000001100011001111001001010001000000110011111100001111111111111101110111010100100001011100010100011001100110110
11011100000101001101010011010110001011011110010000101010111001001100010101100000001000011011111000001001111110000100101001110011
00110100101001000001111100111001011111101001011011001101010110000111101001000110110000101011001010100010011000011111110111011101
11110010100001110111010100001010001011001000101110111100000111011110011011011100011111110101000001000101100001100011010001111111
01001010100111110010110001100010110001011100010011010011101100110100101011100101010011111001101111101011101111010110011011101011
10110001010101010010100010110000111101100100001000110100111011000100011001011010001101110010110100001100011110111101010110101100
00011111000110001111010011011011010100000111101010110011100001111001010001011110000001101000101001000000101100101101111010010110
11011001110101111100000001100001001101010000011100110110000100000100000110110100111100110101101101100111010000011001010100011101
11111101001001111100011011100111010100000100111000001100011100001101101001010010000110101011110000000100101101001010110011001011
01100111001011101010111111101011111000101010101100101010100010101101100001101011001110001010000111111111001100001000000101110001
11000010011110100100110001101100100100011100111111000001111111100010011111101000000001110101001001100011000110110110011100000010
10010110111010110110001000000101100011010011010001100000001001110011100000101011101101011111011010000000001100010110011001100011
11111000011010111010110101000111000100101100101001000010010001101100010101011101001011010011101111111111011101111010101000100010
00111000111000101000000101110010001111101101111000100110101100101000110001000100111110001111000100111100000110110001101000100110
10111110111110011000110111111010011100101011110011000010101001100000110001110010110110100111001001011101010111100101111000100001
01010000001110010001111000001111000000000001000000011111000111011010010010100100100001001010111110110111001010100100000001000011
00001101110011000100110001011101110000001001111101110011110000111100100100011101011110000000000010010000001011110000100101111110
11111111101011001000101111000110001101111001101101111111011010011011100000100011100111011100001100010001111100010100001101100110
11001010100100101100001011010101001100010010001011011111010000000100000001101000100101001011110100000010100001011001000111000010
01101000010001111011010101101100010011010110011110111111001010001001100110111110101110001000000100001110110001011100010110110001
01110001101111100100011111001111001001101010100100001101001110110010100000010010011001111001010010000101100101010111000100000101
10011000110100011101100101100101000101010010011111001000110110010101000001001010110100110111010000101001110011001111100101001001
10000011110010101011110111101110110100111100110111001010100101111011000110001011011101111101001100000111111101000110000010110010
01000010111101100011011110101001110011000100011000101000110011100101101111011101111001010111000000111000000110001101110101100100
11101111010110000001100101100100010001100001000000100010110000011010000000010011011010101100001110110011010111010101110100101000
01101010011111110111010011101101010001001110001010111001111100001001001111111011110010101111100000001110000011100101000111101100
10000010010101111001000101110110000001000101010110011101010110110110110100010001111001101110101100111000011011000100011110101001
01001000110100111010101011101110010010011001110010010011101010001001000100111101100001110101101111011010001111010010000010110101
00100000011110010110010110001011001001001000001000100111101001011110100000001101111110100011110101111111011100001110101010101111
00100010011011000011001100011100010001000101010011111111110100100100000110011010110001110100011001010001001010001011101101001101
00000000110011011101010010001010000000011111000110010111111110110111000110010001111100010101111010110101110111100010011000001100
11100010101010110011001001000000100001011110001010111111001100100100001010011000011100110001011001001100010110111010001101010110
00011111010111011110101011110010011000100011100111111010101100110010001000000010001100010100011010011101001000000100101111010111
00111101100100010011011101110000011000110110011011110000111000001000001010011010111110111111110010010010001001010001010101111100
10000101111101001001001000011010010110000100001011111011010110001010111101101000101101010100100011100010100011101011100011001000
11011110011100110110110000000001010101000111110101111111111110011011110001110100101010111101110011110110101110000101000111000101
01011110111111111001010101100110001111110101010110011101011001011000101111011010010000100100011110100111010111011011010000101010
00001110001111101000100101100000111000010000110100110111101111100001110110100010001100011100010100011000001000001011010100111101
00010100111111101110011111010000010000011100111000010001100101000000001101110011100100010100000000000110011011101111100110111111
11000100000010001011010110001101001011001000000001100110110100000100000010010111001101110101001010000001001110001111000111011101
10101111100110100010011101101110100010000011101100100100010101011000001100011001000010111111110010100011010111101100111010101101
01101010101110101100110001011001011111111100110100111011111001101110011101110101100000011101011101000110101110000110111001001101
00001100000100001100011011000011011010010000100010111010100100011010011000010010001101011011010011011011010011010010110011100000
10100110011011111010110100110111100011001100111000110100111100101100000100110010101100111110100010110110001011001111101110110111
10010100010100101011000001100011100110110100110010100101011011101010000010100111101001100010100000110110100101110010000011000110
10111110100111111011100010011100110001101111000110100101101101110101111000101010000010110000110010101001001100101100111001011010
00010001010000011011011001110110110000100110111100001100011001100100111100101011111001001011101111000101111000011111101000110101
00011000111111000011001011110110011111000101001000001100011010111000001011011100000111100001110001101001100000000110000000010000
11011000100111110010010000001000101001010001110110111001001101011110111110011001000000100100001010001111110100000000101111011110
01111000001011010101110000110110001110010111111101010010111100101000001110001110011001010100010110100010010110111101000000001011
10110010101001010010010000010101111110110110010011000000010000000111110000001001101001000001101110011111111001111011001000110000
11100001111111101001010111000101011011101000110110000011011001100001010100111100010011111111000110010000011100001000000111010001
11011010101101010000001111110101000001011110111111101011100101001000101100111001011110001101001110100110101111010101110000100111
11010101010110011011111111110111010000100011010001110011101110011111110111011111000111000101101010011000110001100011101111110011
01001101001001001010000101001011101110010110010111010010110011111100101110000011011010001001100110100111111101100000000101011000
00001100110101111111110101011110110010000010101010100010110001011110100101001100000001010011000110100100000111111111000001101010
00101101110001010100101010010010000011100010111001001100001001111111001000001100000100000101010011111000100000000000000111000001
11101100101101010010001111111110001011000100101101101110011000010111110110100110000111100001100101110101111100101110000110001011
10011010101010001000011111101110111110111110110110101011111001010100001110101111101100011111011111111000011100011101001100100011
10010010100110000110101110010100001000111100100111110101100000000100111001001011010000111111111101101001111011110110001111000111
00110111000011111111110100101111101000100100101011100110110000110010011101111010101110101001001000111000111111111001101000000100
11111111000011110101111111110000111110010010101101010010101001001110111111101001101000000101101010001110010010111011011101011110
11001001101011101010111001100101011111101000100100101001111100011100010100010001011111100011010100100100001000111001111001100101
11111111111011101111111100101110110001100001110101010100101010001000010000011001101011001101011110111101101001010111000010111011
00000011000000001111111100011101011011101101101001010100010100001001101011010110011110111101000100010100101110100011000100100111
10001000011010011101101100111100100010111011110001101010011101011010100011101001111001000100001000011000010110001011110110110010
00010010111110110001000101001011011010100011010011111100010111110011000011010000111110111110101100101110011111111000011100110010
10101001110011100100010101000111101001010011011001011001001000110000101101100000011111010110001001111010100101000111111110111011
00111010000010111000011100011101010110110101110110110100101001101010000000111100100110101011001100100100110000100111110011111000
00011111011100101001101111001100111000100110100110000111000010001101100111100011011111011010110000000011110111011000111011000011
01111000100000010011101111101010101001100100101010100110010011011111001010010111100011000000101010111100101100111110010110100001
00111100111100111010001100010000010100101111100110110000001010011010000011110001010010011010011100101100101101000001000101101101
11101010001001001001001100111101111010011111011111000110001101010010011101000010110111111001110011010110010111111100001101100101
10111000101100011011000111101110101001000110111010100011101011001000110101100001001000010101001000001011111110000000001101000000
00010001100001001101110111011011100100110110000110100101000101011011100110000011101101001000101110000110110101010100100000011000
01010111110100001000011011101000101100011001000100001101011010000110111011111111011101001000001010100001001110111011011110110000
11011101111010000110011011111110001010101001001111100101010110010111111111000111001011111010011001100011111100111010010111110010
10010111001110000100001110011100100101101010010011111011110010001001111111110011101010101000001111000011110111100001001101001100
00100011111000000110101111110110000011000111111101111001000011110101101110000010100000100110101111001100000001011000110111101111
01100100010001001000100001010101001111110001101001111101001101001111010110000100010100110000101110011000100111010011000000110001
00001100111101001111110111111101011100111001011101100110001100001011000101000100010100100010010111011100000000001111101110010011
01110110000001000011010110111011100010010110000000101100010111001000010001101101110000101110010101100110100010011011000111111101
00101000001001111011110001010001001000010111000101010001100001111011010111011010011001111010101010111000100111110010010111100001
01001101100011101101001100101111011000100100000110111001011100101000010100100101110010111011000000010000011101010101110101001000
10110111000010111101110100101000011100001000010010101110100000011101001101100101011100101101110000100010111001101101111010001011
10011100010100111110101001011110010100111001011110100001100101100111100000001110110110011101011110000011011101010001110000100011
01101011111101001110000001001011110111010100010000000100001000101111110110011011001011110010010001111110111111001000111111000000
01010111000111101000100110110110011000101000111011011000011101100101111011101000111111100110000010110111000100001111101110010000
11110001100110100011100000011010101001110111001011101100001100100000110101001000110011011100110110001001100000110101000000011010
01011000100111111101101101111011110001011000011101001011100101011111010100000110110010010001000110011011011000110101100000101110
11011100000001001000000011101000001110110000101001101100110001001011010010000110000011000100010110011110110011011111001010111100
11100001111000001111101000110011100100001000000101011100011011101110000100101111010000000101000011011011001100001100100101101100
00000111110111010011111100111001001111000001100101111001001101001010110100010111000101101011111011000010100111011111001100011111
01111110110000111001010010110000111101110111010111100100001001000011100100001110000001001101001100011011011100001011111011011100
00111001011011101011101011011011100010111010101100001100101010101100111000011101001100110111101011001101000101001011000011011110
